Distances:
1.500000000000000000e+00
1.611111111111111160e+00
1.722222222222222321e+00
1.833333333333333259e+00
1.944444444444444420e+00
2.055555555555555358e+00
2.166666666666666519e+00
2.277777777777777679e+00
2.388888888888888840e+00
2.500000000000000000e+00

Overetches:
1.000000000000000056e-01
1.555555555555555580e-01
2.111111111111111105e-01
2.666666666666666630e-01
3.222222222222221877e-01
3.777777777777777679e-01
4.333333333333333481e-01
4.888888888888888173e-01
5.444444444444443976e-01
5.999999999999999778e-01

Angles (degrees):
1.000000000000000000e+00
7.777777777777777901e-01
5.555555555555555802e-01
3.333333333333333703e-01
1.111111111111111605e-01
-1.111111111111111605e-01
-3.333333333333332593e-01
-5.555555555555553582e-01
-7.777777777777776791e-01
-1.000000000000000000e+00
