Distances:
1.5
1.6111111111111112
1.7222222222222223
1.8333333333333333
1.9444444444444444
2.0555555555555554
2.1666666666666665
2.2777777777777777
2.388888888888889
2.5
Overetches:
0.1
0.15555555555555556
0.2111111111111111
0.26666666666666666
0.3222222222222222
0.37777777777777777
0.43333333333333335
0.4888888888888888
0.5444444444444444
0.6
Angles (degrees):
1.0
0.7777777777777778
0.5555555555555556
0.33333333333333337
0.11111111111111116
-0.11111111111111116
-0.33333333333333326
-0.5555555555555554
-0.7777777777777777
-1.0
